255070289260832.4
255070213173536.135
255070246990112.169
255070246990112.194
255070213173536.202
255070213173536.250
255070213173536.285
255070213173536.298
255070246990112.301
255070213173536.313
255070246990112.328
255070246990112.338
255070213173536.349
255070213173536.359
255070213173536.360
255070213173536.361
255070213173536.367
255070246990112.377
255070246990112.383
255070213173536.424
255070246990112.434
255070213173536.445
255070213173536.452
255070213173536.465
255070230081824.475
255071275589920.486
255070255444256.504
255070255444256.512
255070255444256.521
255070255444256.528
255070255444256.536
255070255444256.556
255070255444256.566
255070255444256.571
255070255444256.577
255070255444256.587
255070255444256.593
255070246990112.602
255070246990112.620
255070246990112.627
255070246990112.635
255070246990112.644
255070246990112.659
255070246990112.663
255070246990112.673
255070246990112.683
255070213173536.687
255070246990112.696
255070246990112.703
255070246990112.707
255070213173536.723
255070213173536.736
255070213173536.746
255070213173536.762
255070213173536.767
255070246990112.777
255070213173536.792
255070246990112.798
255070246990112.806
255070246990112.813
255070213173536.820
255070213173536.831
255070213173536.840
255070213173536.863
255070213173536.877
255070213173536.886
255070238535968.911
255070221627680.1011
255070255444256.1032
255070314623264.1036
255070289260832.1200
255070280806688.1224
