255070230081824.9
255070280806688.33
255070314623264.492
255070255444256.511
255070255444256.520
255070255444256.525
255070255444256.545
255070255444256.552
255070255444256.557
255070255444256.567
255070255444256.573
255070255444256.576
255070255444256.583
255070255444256.597
255070246990112.606
255070246990112.624
255070213173536.693
255070246990112.699
255070213173536.708
255070213173536.718
255070246990112.727
255070213173536.752
255070246990112.763
255070246990112.773
255070246990112.780
255070246990112.802
255070213173536.810
255070213173536.821
255070213173536.830
255070213173536.852
255070213173536.871
255070213173536.878
255070213173536.885
255070323077408.895
255070263898400.905
255070280806688.913
255070221627680.927
255070272352544.937
255070255444256.959
255070255444256.961
255070246990112.981
255070246990112.989
255070323077408.993
255070297714976.1020
255070255444256.1038
255070246990112.1051
255070230081824.1179
255070323077408.1203
255070221627680.1227
