255070297714976.15
255070306169120.39
255071275589920.489
255070255444256.506
255070255444256.514
255070255444256.546
255070255444256.558
255070255444256.578
255070255444256.582
255070255444256.591
255070255444256.600
255070246990112.609
255070246990112.614
255070246990112.623
255070246990112.629
255070246990112.636
255070246990112.652
255070246990112.656
255070246990112.662
255070246990112.670
255070246990112.680
255070246990112.686
255070246990112.695
255070246990112.701
255070213173536.719
255070213173536.724
255070246990112.744
255070213173536.754
255070213173536.755
255070213173536.770
255070246990112.779
255070213173536.788
255070246990112.796
255070246990112.804
255070246990112.811
255070213173536.823
255070213173536.832
255070213173536.842
255070213173536.860
255070213173536.876
255070213173536.884
255070213173536.892
255070280806688.1005
255070314623264.1029
255070246990112.1048
255070280806688.1169
255071275589920.1191
255070263898400.1211
