255070230081824.12
255070255444256.54
255070255444256.55
255070255444256.61
255070255444256.64
255070255444256.68
255070255444256.69
255070255444256.71
255070255444256.79
255070255444256.80
255070255444256.84
255070255444256.111
255070213173536.116
255070246990112.118
255070213173536.124
255070213173536.126
255070246990112.133
255070255444256.139
255070246990112.140
255070213173536.158
255070213173536.261
255070246990112.270
255070246990112.278
255070246990112.280
255070246990112.286
255070213173536.295
255070246990112.306
255070246990112.316
255070213173536.333
255070213173536.337
255070246990112.346
255070213173536.357
255070213173536.371
255070213173536.382
255070213173536.390
255070246990112.394
255070213173536.405
255070246990112.417
255070213173536.420
255070213173536.430
255070213173536.443
255070246990112.453
255070246990112.455
255070297714976.467
255070230081824.480
255070221627680.484
255070272352544.499
255070255444256.510
255070255444256.516
255070255444256.526
255070255444256.531
255070255444256.537
255070255444256.544
255070255444256.549
255070255444256.553
255070255444256.560
255070255444256.569
255070255444256.589
255070255444256.598
255070246990112.605
255070246990112.615
255070246990112.628
255070246990112.634
255070246990112.642
255070246990112.654
255070246990112.690
255070213173536.700
255070213173536.716
255070246990112.725
255070246990112.740
255070213173536.743
255070246990112.761
255070213173536.783
255070213173536.794
255070213173536.800
255070213173536.814
255070213173536.824
255070213173536.836
255070213173536.851
255070213173536.861
255070213173536.874
255070213173536.880
255070213173536.888
255070297714976.919
255070314623264.943
255070255444256.962
255070246990112.984
255070246990112.990
255070323077408.996
255070297714976.1017
255070255444256.1037
255070246990112.1045
255071275589920.1107
255070306169120.1143
255070238535968.1185
255070306169120.1209
