255070314623264.17
255070255444256.77
255070255444256.88
255070255444256.90
255070255444256.96
255070255444256.103
255070246990112.109
255070255444256.117
255070255444256.120
255070246990112.123
255070255444256.125
255070246990112.136
255070246990112.143
255070246990112.146
255070213173536.144
255070246990112.153
255070213173536.156
255070213173536.176
255070246990112.185
255070255444256.187
255070246990112.188
255070213173536.216
255070255444256.222
255070246990112.233
255070255444256.242
255070246990112.258
255070213173536.267
255070246990112.275
255070213173536.281
255070213173536.287
255070246990112.289
255070246990112.291
255070246990112.297
255070213173536.307
255070246990112.318
255070246990112.322
255070246990112.332
255070246990112.334
255070246990112.340
255070246990112.342
255070213173536.363
255070213173536.365
255070246990112.368
255070213173536.380
255070246990112.396
255070213173536.398
255070246990112.410
255070213173536.414
255070246990112.419
255070246990112.421
255070213173536.435
255070213173536.441
255070246990112.456
255070213173536.460
255070297714976.471
255070230081824.478
255070314623264.496
255070255444256.505
255070255444256.513
255070255444256.522
255070255444256.527
255070255444256.532
255070255444256.542
255070255444256.548
255070255444256.554
255070255444256.561
255070255444256.574
255070255444256.579
255070255444256.588
255070255444256.594
255070246990112.604
255070246990112.610
255070246990112.617
255070246990112.631
255070246990112.640
255070246990112.647
255070246990112.658
255070246990112.664
255070246990112.671
255070246990112.677
255070213173536.692
255070213173536.702
255070213173536.709
255070213173536.731
255070246990112.747
255070246990112.758
255070213173536.764
255070213173536.774
255070213173536.781
255070246990112.795
255070246990112.803
255070213173536.817
255070213173536.826
255070213173536.846
255070213173536.870
255070213173536.881
255070213173536.890
255070255444256.955
255070255444256.956
255070255444256.957
255070255444256.958
255070255444256.960
255070246990112.978
255070246990112.987
255070246990112.991
255070263898400.999
255070272352544.1023
255070255444256.1040
255070246990112.1054
255070230081824.1182
255070306169120.1215
