255070230081824.18
255070323077408.31
255070221627680.477
255070221627680.483
255071275589920.490
255070255444256.503
255070255444256.508
255070255444256.523
255070255444256.530
255070255444256.535
255070255444256.543
255070255444256.551
255070255444256.555
255070255444256.565
255070255444256.572
255070255444256.580
255070246990112.603
255070246990112.611
255070246990112.616
255070246990112.625
255070246990112.633
255070246990112.651
255070246990112.657
255070246990112.666
255070246990112.681
255070246990112.688
255070213173536.697
255070246990112.705
255070246990112.713
255070246990112.715
255070246990112.721
255070246990112.739
255070213173536.742
255070246990112.751
255070246990112.757
255070246990112.765
255070246990112.775
255070246990112.785
255070246990112.799
255070213173536.807
255070213173536.818
255070213173536.827
255070213173536.833
255070213173536.843
255070213173536.856
255070213173536.875
255070213173536.883
255070213173536.891
255070263898400.1002
255070272352544.1026
255070246990112.1044
255070289260832.1113
255070263898400.1163
255070238535968.1188
255070263898400.1216
