255071069851936.10
255071275589920.46
255070255444256.66
255070255444256.74
255070255444256.92
255070255444256.93
255070255444256.101
255070213173536.110
255070255444256.114
255070255444256.128
255070255444256.131
255070255444256.142
255070246990112.148
255070213173536.151
255070246990112.155
255070246990112.162
255070246990112.165
255070213173536.164
255070255444256.172
255070255444256.175
255070255444256.180
255070213173536.184
255070255444256.190
255070246990112.196
255070255444256.197
255070246990112.203
255070246990112.210
255070246990112.212
255070246990112.217
255070255444256.225
255070213173536.226
255070213173536.232
255070213173536.240
255070255444256.249
255070213173536.253
255070246990112.264
255070213173536.272
255070213173536.284
255070213173536.292
255070213173536.296
255070213173536.302
255070213173536.309
255070213173536.325
255070246990112.350
255070246990112.352
255070246990112.362
255070213173536.373
255070246990112.379
255070246990112.392
255070246990112.397
255070246990112.399
255070246990112.404
255070246990112.406
255070213173536.413
255070213173536.422
255070246990112.429
255070246990112.431
255070246990112.438
255070213173536.447
255070246990112.458
255070213173536.461
255071069851936.473
255070230081824.482
255070272352544.498
255070255444256.509
255070255444256.517
255070255444256.529
255070255444256.534
255070255444256.539
255070255444256.550
255070255444256.559
255070255444256.568
255070255444256.586
255070255444256.592
255070246990112.601
255070246990112.608
255070246990112.613
255070246990112.622
255070246990112.626
255070246990112.632
255070246990112.641
255070246990112.643
255070246990112.653
255070246990112.661
255070246990112.665
255070246990112.672
255070246990112.682
255070246990112.684
255070213173536.694
255070213173536.706
255070213173536.711
255070213173536.720
255070213173536.737
255070213173536.738
255070246990112.748
255070246990112.753
255070213173536.760
255070246990112.766
255070213173536.786
255070213173536.797
255070213173536.805
255070213173536.812
255070213173536.819
255070213173536.828
255070213173536.841
255070213173536.853
255070213173536.866
255070213173536.882
255070213173536.889
255071275589920.932
255070221627680.1014
255070255444256.1033
255070255444256.1041
255070246990112.1057
255070289260832.1192
255070323077408.1206
