255071069851936.3
255070230081824.37
255070221627680.43
255070255444256.60
255070255444256.63
255070255444256.65
255070255444256.72
255070255444256.82
255070255444256.83
255070255444256.85
255070255444256.87
255070255444256.89
255070255444256.95
255070255444256.98
255070255444256.105
255070246990112.115
255070246990112.127
255070213173536.129
255070255444256.134
255070255444256.147
255070255444256.149
255070255444256.157
255070255444256.166
255070213173536.174
255070246990112.178
255070255444256.183
255070213173536.189
255070213173536.191
255070246990112.198
255070213173536.208
255070213173536.219
255070246990112.224
255070255444256.235
255070255444256.236
255070246990112.245
255070246990112.248
255070213173536.260
255070246990112.268
255070213173536.271
255070213173536.277
255070213173536.321
255070213173536.345
255070246990112.356
255070213173536.375
255070213173536.388
255070213173536.393
255070246990112.401
255070213173536.407
255070213173536.418
255070213173536.428
255070213173536.436
255070246990112.442
255070213173536.454
255070297714976.470
255070314623264.495
255070255444256.507
255070255444256.515
255070255444256.524
255070255444256.533
255070255444256.538
255070255444256.547
255070255444256.564
255070255444256.570
255070255444256.575
255070255444256.581
255070255444256.590
255070255444256.599
255070246990112.607
255070246990112.612
255070246990112.621
255070246990112.630
255070246990112.639
255070246990112.650
255070246990112.655
255070246990112.660
255070246990112.669
255070246990112.674
255070246990112.685
255070213173536.689
255070246990112.698
255070213173536.704
255070246990112.714
255070213173536.722
255070246990112.730
255070213173536.741
255070246990112.750
255070246990112.756
255070246990112.759
255070213173536.772
255070213173536.778
255070246990112.793
255070246990112.801
255070213173536.809
255070213173536.816
255070213173536.822
255070213173536.850
255070213173536.873
255070213173536.879
255070213173536.887
255071069851936.900
255070280806688.1008
255070255444256.1031
255070255444256.1034
255070246990112.1043
255070230081824.1080
255070238535968.1084
255070323077408.1135
255070221627680.1175
255071275589920.1195
255070280806688.1221
255070221627680.1230
